10
32
33
36
38
39
44
45
46
51
58
59
63
65
66
67
68
69
70
71
72
73
74
75
76
77
78
79
80
81
82
83
84
85
86
87
88
89
90
97
98
99
100
101
102
103
104
105
106
107
108
109
110
111
112
113
114
115
116
117
118
119
120
121
122
(101, 32)
(116, 104)
(116, 32)
(115, 32)
(100, 32)
(44, 32)
(111, 117)
(101, 114)
(105, 110)
(121, 32)
(97, 110)
(58, 10)
(111, 114)
(111, 32)
(101, 110)
(10, 10)
(97, 114)
(32, 116, 104)
(111, 110)
(108, 108)
(104, 97)
(44, 10)
(46, 10, 10)
(105, 115, 32)
(101, 115)
(121, 111, 117)
(32, 115)
(116, 111, 32)
(97, 110, 100, 32)
(111, 119)
(101, 97)
(32, 109)
(32, 119)
(111, 102)
(32, 104)
